(180, 30, 0), (90, 60, 0), (90, 30, 0), (90, 60, 0), (270, 60, 1)
(225, 42.4, 0), (180, 42.4, 0), (225, 60, 0), (180, 60, 0), (270, 60, 1)
(180, 30, 0), (180, 30, 0), (270, 30, 0), (315, 42.4, 0), (135, 30, 0), (90, 60, 1), (270, 60, 1)
(180, 30, 0), (180, 30, 0), (225, 42.4, 0), (135, 30, 0), (225, 42.4, 0), (225, 60, 1), (270, 90, 1)
(270, 60, 0), (180, 30, 0), (90, 30, 0), (270, 30, 0), (270, 90, 1)
(180, 30, 0), (90, 30, 0), (90, 30, 0), (270, 30, 0), (270, 30, 0), (180, 30, 1), (90, 60, 1), (270, 60, 1)
(225, 42.4, 0), (45, 30, 0), (90, 30, 0), (90, 30, 0), (90, 30, 0), (180, 90, 1), (90, 30, 1), (270, 0, 1)
(180, 30, 0), (180, 30, 0), (225, 42.4, 0), (45, 30, 0), (180, 60, 1), (270, 90, 1)
(180, 30, 0), (90, 60, 0), (90, 30, 0), (90, 60, 0), (180, 30, 1), (270, 30, 0), (180, 90, 1), (90, 30, 1), (270, 0, 1)
(270, 30, 1), (270, 30, 0), (270, 30, 0), (270, 30, 0), (270, 30, 0), (315, 42.4, 0), (135, 90, 1), (90, 60, 1), (270, 0, 1)
